v_vec <-
c(1L, 2L, 3L, 4L, 11L, 12L, 13L, 14L)
m_mat <-
structure(c(1L, 2L, 3L, 4L, 11L, 12L, 13L, 14L, 1L, 2L, 3L, 4L, 
11L, 12L, 13L, 14L), .Dim = c(4L, 4L))
